# ints parity transcript (Beagle 5.5 27Feb25.75f)
packedCreate vs=1 get=0,0,0,0,0,0,0,0,0,0,0,0,0,0,0,0,0,0,0,0,0,0,0,0,0,0,0,0,0,0,0,0,0,0,0,0,0,0,0,0,0,0,0,0,0,0,0,0,0,0
create vs=1 get=0,0,0,0,0,0,0,0,0,0,0,0,0,0,0,0,0,0,0,0,0,0,0,0,0,0,0,0,0,0,0,0,0,0,0,0,0,0,0,0,0,0,0,0,0,0,0,0,0,0
packedCreate vs=2 get=0,1,0,1,0,1,0,1,0,1,0,1,0,1,0,1,0,1,0,1,0,1,0,1,0,1,0,1,0,1,0,1,0,1,0,1,0,1,0,1,0,1,0,1,0,1,0,1,0,1
create vs=2 get=0,1,0,1,0,1,0,1,0,1,0,1,0,1,0,1,0,1,0,1,0,1,0,1,0,1,0,1,0,1,0,1,0,1,0,1,0,1,0,1,0,1,0,1,0,1,0,1,0,1
packedCreate vs=3 get=0,1,2,0,1,2,0,1,2,0,1,2,0,1,2,0,1,2,0,1,2,0,1,2,0,1,2,0,1,2,0,1,2,0,1,2,0,1,2,0,1,2,0,1,2,0,1,2,0,1
create vs=3 get=0,1,2,0,1,2,0,1,2,0,1,2,0,1,2,0,1,2,0,1,2,0,1,2,0,1,2,0,1,2,0,1,2,0,1,2,0,1,2,0,1,2,0,1,2,0,1,2,0,1
packedCreate vs=4 get=0,1,2,3,0,1,2,3,0,1,2,3,0,1,2,3,0,1,2,3,0,1,2,3,0,1,2,3,0,1,2,3,0,1,2,3,0,1,2,3,0,1,2,3,0,1,2,3,0,1
create vs=4 get=0,1,2,3,0,1,2,3,0,1,2,3,0,1,2,3,0,1,2,3,0,1,2,3,0,1,2,3,0,1,2,3,0,1,2,3,0,1,2,3,0,1,2,3,0,1,2,3,0,1
packedCreate vs=5 get=0,1,2,3,4,0,1,2,3,4,0,1,2,3,4,0,1,2,3,4,0,1,2,3,4,0,1,2,3,4,0,1,2,3,4,0,1,2,3,4,0,1,2,3,4,0,1,2,3,4
create vs=5 get=0,1,2,3,4,0,1,2,3,4,0,1,2,3,4,0,1,2,3,4,0,1,2,3,4,0,1,2,3,4,0,1,2,3,4,0,1,2,3,4,0,1,2,3,4,0,1,2,3,4
packedCreate vs=8 get=0,1,2,3,4,5,6,7,0,1,2,3,4,5,6,7,0,1,2,3,4,5,6,7,0,1,2,3,4,5,6,7,0,1,2,3,4,5,6,7,0,1,2,3,4,5,6,7,0,1
create vs=8 get=0,1,2,3,4,5,6,7,0,1,2,3,4,5,6,7,0,1,2,3,4,5,6,7,0,1,2,3,4,5,6,7,0,1,2,3,4,5,6,7,0,1,2,3,4,5,6,7,0,1
packedCreate vs=15 get=0,1,2,3,4,5,6,7,8,9,10,11,12,13,14,0,1,2,3,4,5,6,7,8,9,10,11,12,13,14,0,1,2,3,4,5,6,7,8,9,10,11,12,13,14,0,1,2,3,4
create vs=15 get=0,1,2,3,4,5,6,7,8,9,10,11,12,13,14,0,1,2,3,4,5,6,7,8,9,10,11,12,13,14,0,1,2,3,4,5,6,7,8,9,10,11,12,13,14,0,1,2,3,4
packedCreate vs=16 get=0,1,2,3,4,5,6,7,8,9,10,11,12,13,14,15,0,1,2,3,4,5,6,7,8,9,10,11,12,13,14,15,0,1,2,3,4,5,6,7,8,9,10,11,12,13,14,15,0,1
create vs=16 get=0,1,2,3,4,5,6,7,8,9,10,11,12,13,14,15,0,1,2,3,4,5,6,7,8,9,10,11,12,13,14,15,0,1,2,3,4,5,6,7,8,9,10,11,12,13,14,15,0,1
packedCreate vs=17 get=0,1,2,3,4,5,6,7,8,9,10,11,12,13,14,15,16,0,1,2,3,4,5,6,7,8,9,10,11,12,13,14,15,16,0,1,2,3,4,5,6,7,8,9,10,11,12,13,14,15
create vs=17 get=0,1,2,3,4,5,6,7,8,9,10,11,12,13,14,15,16,0,1,2,3,4,5,6,7,8,9,10,11,12,13,14,15,16,0,1,2,3,4,5,6,7,8,9,10,11,12,13,14,15
packedCreate vs=100 get=0,1,2,3,4,5,6,7,8,9,10,11,12,13,14,15,16,17,18,19,20,21,22,23,24,25,26,27,28,29,30,31,32,33,34,35,36,37,38,39,40,41,42,43,44,45,46,47,48,49
create vs=100 get=0,1,2,3,4,5,6,7,8,9,10,11,12,13,14,15,16,17,18,19,20,21,22,23,24,25,26,27,28,29,30,31,32,33,34,35,36,37,38,39,40,41,42,43,44,45,46,47,48,49
packedCreate vs=256 get=0,1,2,3,4,5,6,7,8,9,10,11,12,13,14,15,16,17,18,19,20,21,22,23,24,25,26,27,28,29,30,31,32,33,34,35,36,37,38,39,40,41,42,43,44,45,46,47,48,49
create vs=256 get=0,1,2,3,4,5,6,7,8,9,10,11,12,13,14,15,16,17,18,19,20,21,22,23,24,25,26,27,28,29,30,31,32,33,34,35,36,37,38,39,40,41,42,43,44,45,46,47,48,49
packedCreate vs=1000 get=0,1,2,3,4,5,6,7,8,9,10,11,12,13,14,15,16,17,18,19,20,21,22,23,24,25,26,27,28,29,30,31,32,33,34,35,36,37,38,39,40,41,42,43,44,45,46,47,48,49
create vs=1000 get=0,1,2,3,4,5,6,7,8,9,10,11,12,13,14,15,16,17,18,19,20,21,22,23,24,25,26,27,28,29,30,31,32,33,34,35,36,37,38,39,40,41,42,43,44,45,46,47,48,49
packedCreate vs=65536 get=0,1,2,3,4,5,6,7,8,9,10,11,12,13,14,15,16,17,18,19,20,21,22,23,24,25,26,27,28,29,30,31,32,33,34,35,36,37,38,39,40,41,42,43,44,45,46,47,48,49
create vs=65536 get=0,1,2,3,4,5,6,7,8,9,10,11,12,13,14,15,16,17,18,19,20,21,22,23,24,25,26,27,28,29,30,31,32,33,34,35,36,37,38,39,40,41,42,43,44,45,46,47,48,49
packedCreate vs=70000 get=0,1,2,3,4,5,6,7,8,9,10,11,12,13,14,15,16,17,18,19,20,21,22,23,24,25,26,27,28,29,30,31,32,33,34,35,36,37,38,39,40,41,42,43,44,45,46,47,48,49
create vs=70000 get=0,1,2,3,4,5,6,7,8,9,10,11,12,13,14,15,16,17,18,19,20,21,22,23,24,25,26,27,28,29,30,31,32,33,34,35,36,37,38,39,40,41,42,43,44,45,46,47,48,49
packedwords vs=1 ia=[0, 0]
packedwords vs=2 ia=[-1431655766, 174762]
packedwords vs=3 ia=[613566756, 1227133513, -1840700270, 4]
packedwords vs=4 ia=[-454761244, -454761244, -454761244, 4]
packedwords vs=5 ia=[553923088, 70389827, 839926561, 272834820, 1126237234, 553923088, 67]
packedwords vs=8 ia=[1985229328, 1985229328, 1985229328, 1985229328, 1985229328, 1985229328, 16]
packedwords vs=15 ia=[1985229328, 249346712, -2023406815, 284019625, -1737075662, 554622138, 67]
packedwords vs=16 ia=[1985229328, -19088744, 1985229328, -19088744, 1985229328, -19088744, 16]
intlist toString=[0, 1, 2, 3, 4, 5, 6, 7, 8, 9, 10, 11, 12, 13, 14, 15, 16, 17, 18, 19, 20, 21, 22, 23, 24, 25, 26, 27, 28, 29]
intlist copyOf35=[0, 1, 2, 3, 4, 5, 6, 7, 8, 9, 10, 11, 12, 13, 14, 15, 16, 17, 18, 19, 20, 21, 22, 23, 24, 25, 26, 27, 28, 29, 0, 0, 0, 0, 0]
intlist copyOfRange5_40=[5, 6, 7, 8, 9, 10, 11, 12, 13, 14, 15, 16, 17, 18, 19, 20, 21, 22, 23, 24, 25, 26, 27, 28, 29, 0, 0, 0, 0, 0, 0, 0, 0, 0, 0]
intlist sorted=[0, 1, 2, 3, 4, 5, 6, 7, 8, 9, 10, 11, 12, 13, 14, 15, 16, 17, 18, 19, 20, 21, 22, 23, 24, 25, 26, 27, 28, 29]
intlist bsearch13=13 bsearch1000=-31
intintmap size=40 keys=[37, 24, 11, 48, 22, 9, 46, 33, 7, 44, 31, 18, 42, 29, 16, 3, 27, 14, 1, 38, 12, 49, 36, 23, 47, 34, 21, 8, 32, 19, 6, 43, 17, 4, 41, 28, 2, 39, 26, 13] values=[251, 252, 253, 254, 256, 257, 258, 259, 261, 262, 263, 264, 266, 267, 268, 269, 271, 272, 273, 274, 276, 277, 278, 279, 281, 282, 283, 284, 286, 287, 288, 289, 291, 292, 293, 294, 296, 297, 298, 299]
ubyte=0,127,255
char=0,4660,65535
wrapped=7,8,9
